0	110.626220703125	110.626220703125	110.626220703125	110.626220703125
3	110.2447509765625	110.2447509765625	110.2447509765625	110.2447509765625
6	110.2447509765625	110.2447509765625	110.2447509765625	110.2447509765625
9	110.2447509765625	110.2447509765625	110.2447509765625	110.2447509765625
12	110.2447509765625	110.2447509765625	110.2447509765625	110.2447509765625
15	110.2447509765625	110.2447509765625	110.2447509765625	110.2447509765625
18	110.2447509765625	110.2447509765625	110.2447509765625	110.2447509765625
21	110.626220703125	110.626220703125	110.626220703125	110.626220703125
24	110.626220703125	110.626220703125	110.626220703125	110.626220703125
27	111.0076904296875	111.0076904296875	111.0076904296875	111.0076904296875
30	111.38916015625	111.38916015625	111.38916015625	111.38916015625
33	111.7706298828125	111.7706298828125	111.7706298828125	111.7706298828125
36	112.152099609375	112.152099609375	112.152099609375	112.152099609375
39	112.5335693359375	112.5335693359375	112.5335693359375	112.5335693359375
42	113.2965087890625	113.2965087890625	113.2965087890625	113.2965087890625
45	113.677978515625	113.677978515625	113.677978515625	113.677978515625
48	114.44091796875	114.44091796875	114.44091796875	114.44091796875
51	114.8223876953125	114.8223876953125	114.8223876953125	114.8223876953125
54	115.5853271484375	115.5853271484375	115.5853271484375	115.5853271484375
57	116.3482666015625	116.3482666015625	116.3482666015625	116.3482666015625
60	117.1112060546875	117.1112060546875	117.1112060546875	117.1112060546875
63	117.8741455078125	117.8741455078125	117.8741455078125	117.8741455078125
66	118.6370849609375	118.6370849609375	118.6370849609375	118.6370849609375
69	119.4000244140625	119.4000244140625	119.4000244140625	119.4000244140625
72	120.54443359375	120.54443359375	120.54443359375	120.54443359375
75	121.307373046875	121.307373046875	121.307373046875	121.307373046875
78	122.4517822265625	122.4517822265625	122.4517822265625	122.4517822265625
81	123.59619140625	123.59619140625	123.59619140625	123.59619140625
84	124.359130859375	124.359130859375	124.359130859375	124.359130859375
87	125.5035400390625	125.5035400390625	125.5035400390625	125.5035400390625
90	126.64794921875	126.64794921875	126.64794921875	126.64794921875
93	128.173828125	128.173828125	128.173828125	128.173828125
96	129.3182373046875	129.3182373046875	129.3182373046875	129.3182373046875
99	130.462646484375	130.462646484375	130.462646484375	130.462646484375
102	131.988525390625	131.988525390625	131.988525390625	131.988525390625
105	133.514404296875	133.514404296875	133.514404296875	133.514404296875
108	135.040283203125	135.040283203125	135.040283203125	135.040283203125
111	136.9476318359375	136.9476318359375	136.9476318359375	136.9476318359375
114	138.85498046875	138.85498046875	138.85498046875	138.85498046875
117	140.7623291015625	140.7623291015625	140.7623291015625	140.7623291015625
120	143.0511474609375	143.0511474609375	143.0511474609375	143.0511474609375
123	145.721435546875	145.721435546875	145.721435546875	145.721435546875
126	148.3917236328125	148.3917236328125	148.3917236328125	148.3917236328125
129	151.4434814453125	151.4434814453125	151.4434814453125	151.4434814453125
132	154.876708984375	154.876708984375	154.876708984375	154.876708984375
135	158.69140625	158.69140625	158.69140625	158.69140625
138	162.8875732421875	162.8875732421875	162.8875732421875	162.8875732421875
141	167.083740234375	167.083740234375	167.083740234375	167.083740234375
144	172.0428466796875	172.0428466796875	172.0428466796875	172.0428466796875
147	177.764892578125	177.764892578125	177.764892578125	177.764892578125
150	183.4869384765625	183.4869384765625	183.4869384765625	183.4869384765625
153	189.5904541015625	189.5904541015625	189.5904541015625	189.5904541015625
156	196.4569091796875	196.4569091796875	196.4569091796875	196.4569091796875
159	203.3233642578125	203.3233642578125	203.3233642578125	203.3233642578125
162	210.9527587890625	210.9527587890625	210.9527587890625	210.9527587890625
165	218.5821533203125	218.5821533203125	218.5821533203125	218.5821533203125
168	226.2115478515625	226.2115478515625	226.2115478515625	226.2115478515625
171	234.222412109375	234.222412109375	234.222412109375	234.222412109375
174	241.851806640625	241.851806640625	241.851806640625	241.851806640625
177	249.481201171875	249.481201171875	249.481201171875	249.481201171875
180	322.3419189453125	322.3419189453125	322.3419189453125	322.3419189453125
183	231.93359375	231.93359375	231.93359375	231.93359375
186	280.3802490234375	280.3802490234375	280.3802490234375	280.3802490234375
189	251.77001953125	251.77001953125	251.77001953125	251.77001953125
192	190.73486328125	190.73486328125	190.73486328125	190.73486328125
195	312.80517578125	312.80517578125	312.80517578125	312.80517578125
198	309.3719482421875	309.3719482421875	309.3719482421875	309.3719482421875
201	345.9930419921875	345.9930419921875	345.9930419921875	345.9930419921875
204	320.0531005859375	320.0531005859375	320.0531005859375	320.0531005859375
207	336.0748291015625	336.0748291015625	336.0748291015625	336.0748291015625
210	314.3310546875	314.3310546875	314.3310546875	314.3310546875
213	270.08056640625	270.08056640625	270.08056640625	270.08056640625
216	313.568115234375	313.568115234375	313.568115234375	313.568115234375
219	260.162353515625	260.162353515625	260.162353515625	260.162353515625
222	287.2467041015625	287.2467041015625	287.2467041015625	287.2467041015625
225	284.576416015625	284.576416015625	284.576416015625	284.576416015625
228	281.524658203125	281.524658203125	281.524658203125	281.524658203125
231	278.472900390625	278.472900390625	278.472900390625	278.472900390625
234	275.8026123046875	275.8026123046875	275.8026123046875	275.8026123046875
237	272.7508544921875	272.7508544921875	272.7508544921875	272.7508544921875
240	270.08056640625	270.08056640625	270.08056640625	270.08056640625
243	267.791748046875	267.791748046875	267.791748046875	267.791748046875
246	265.8843994140625	265.8843994140625	265.8843994140625	265.8843994140625
249	264.3585205078125	264.3585205078125	264.3585205078125	264.3585205078125
252	263.214111328125	263.214111328125	263.214111328125	263.214111328125
255	262.451171875	262.451171875	262.451171875	262.451171875
258	262.0697021484375	262.0697021484375	262.0697021484375	262.0697021484375
261	262.0697021484375	262.0697021484375	262.0697021484375	262.0697021484375
264	262.8326416015625	262.8326416015625	262.8326416015625	262.8326416015625
267	263.5955810546875	263.5955810546875	263.5955810546875	263.5955810546875
270	265.1214599609375	265.1214599609375	265.1214599609375	265.1214599609375
273	266.6473388671875	266.6473388671875	266.6473388671875	266.6473388671875
276	268.5546875	268.5546875	268.5546875	268.5546875
279	270.843505859375	270.843505859375	270.843505859375	270.843505859375
282	273.5137939453125	273.5137939453125	273.5137939453125	273.5137939453125
285	276.18408203125	276.18408203125	276.18408203125	276.18408203125
288	278.8543701171875	278.8543701171875	278.8543701171875	278.8543701171875
291	281.9061279296875	281.9061279296875	281.9061279296875	281.9061279296875
294	284.9578857421875	284.9578857421875	284.9578857421875	284.9578857421875
297	288.39111328125	288.39111328125	288.39111328125	288.39111328125
300	291.8243408203125	291.8243408203125	291.8243408203125	291.8243408203125
303	295.257568359375	295.257568359375	295.257568359375	295.257568359375
306	298.6907958984375	298.6907958984375	298.6907958984375	298.6907958984375
309	302.1240234375	302.1240234375	302.1240234375	302.1240234375
312	305.938720703125	305.938720703125	305.938720703125	305.938720703125
315	309.3719482421875	309.3719482421875	309.3719482421875	309.3719482421875
318	313.1866455078125	313.1866455078125	313.1866455078125	313.1866455078125
321	317.0013427734375	317.0013427734375	317.0013427734375	317.0013427734375
324	320.8160400390625	320.8160400390625	320.8160400390625	320.8160400390625
327	324.6307373046875	324.6307373046875	324.6307373046875	324.6307373046875
330	328.4454345703125	328.4454345703125	328.4454345703125	328.4454345703125
333	332.2601318359375	332.2601318359375	332.2601318359375	332.2601318359375
336	336.0748291015625	336.0748291015625	336.0748291015625	336.0748291015625
339	340.27099609375	340.27099609375	340.27099609375	340.27099609375
342	344.085693359375	344.085693359375	344.085693359375	344.085693359375
345	347.900390625	347.900390625	347.900390625	347.900390625
348	352.0965576171875	352.0965576171875	352.0965576171875	352.0965576171875
351	356.292724609375	356.292724609375	356.292724609375	356.292724609375
354	360.107421875	360.107421875	360.107421875	360.107421875
357	364.3035888671875	364.3035888671875	364.3035888671875	364.3035888671875
360	368.499755859375	368.499755859375	368.499755859375	368.499755859375
363	372.6959228515625	372.6959228515625	372.6959228515625	372.6959228515625
366	376.89208984375	376.89208984375	376.89208984375	376.89208984375
369	381.0882568359375	381.0882568359375	381.0882568359375	381.0882568359375
372	385.284423828125	385.284423828125	385.284423828125	385.284423828125
375	389.4805908203125	389.4805908203125	389.4805908203125	389.4805908203125
378	393.6767578125	393.6767578125	393.6767578125	393.6767578125
381	397.8729248046875	397.8729248046875	397.8729248046875	397.8729248046875
384	402.4505615234375	402.4505615234375	402.4505615234375	402.4505615234375
387	406.646728515625	406.646728515625	406.646728515625	406.646728515625
390	411.224365234375	411.224365234375	411.224365234375	411.224365234375
393	415.4205322265625	415.4205322265625	415.4205322265625	415.4205322265625
396	419.9981689453125	419.9981689453125	419.9981689453125	419.9981689453125
399	424.5758056640625	424.5758056640625	424.5758056640625	424.5758056640625
402	429.1534423828125	429.1534423828125	429.1534423828125	429.1534423828125
405	433.7310791015625	433.7310791015625	433.7310791015625	433.7310791015625
408	438.3087158203125	438.3087158203125	438.3087158203125	438.3087158203125
411	442.8863525390625	442.8863525390625	442.8863525390625	442.8863525390625
414	447.4639892578125	447.4639892578125	447.4639892578125	447.4639892578125
417	452.0416259765625	452.0416259765625	452.0416259765625	452.0416259765625
420	457.000732421875	457.000732421875	457.000732421875	457.000732421875
423	461.578369140625	461.578369140625	461.578369140625	461.578369140625
426	466.5374755859375	466.5374755859375	466.5374755859375	466.5374755859375
429	471.49658203125	471.49658203125	471.49658203125	471.49658203125
432	476.4556884765625	476.4556884765625	476.4556884765625	476.4556884765625
435	481.414794921875	481.414794921875	481.414794921875	481.414794921875
438	486.3739013671875	486.3739013671875	486.3739013671875	486.3739013671875
441	491.3330078125	491.3330078125	491.3330078125	491.3330078125
444	496.673583984375	496.673583984375	496.673583984375	496.673583984375
447	502.01416015625	502.01416015625	502.01416015625	502.01416015625
450	506.9732666015625	506.9732666015625	506.9732666015625	506.9732666015625
453	512.3138427734375	512.3138427734375	512.3138427734375	512.3138427734375
456	518.035888671875	518.035888671875	518.035888671875	518.035888671875
459	523.37646484375	523.37646484375	523.37646484375	523.37646484375
462	529.0985107421875	529.0985107421875	529.0985107421875	529.0985107421875
465	534.820556640625	534.820556640625	534.820556640625	534.820556640625
468	540.5426025390625	540.5426025390625	540.5426025390625	540.5426025390625
471	546.2646484375	546.2646484375	546.2646484375	546.2646484375
474	551.9866943359375	551.9866943359375	551.9866943359375	551.9866943359375
477	558.0902099609375	558.0902099609375	558.0902099609375	558.0902099609375
480	564.1937255859375	564.1937255859375	564.1937255859375	564.1937255859375
483	570.2972412109375	570.2972412109375	570.2972412109375	570.2972412109375
486	576.7822265625	576.7822265625	576.7822265625	576.7822265625
489	583.2672119140625	583.2672119140625	583.2672119140625	583.2672119140625
492	589.752197265625	589.752197265625	589.752197265625	589.752197265625
495	596.61865234375	596.61865234375	596.61865234375	596.61865234375
498	603.485107421875	603.485107421875	603.485107421875	603.485107421875
501	610.3515625	610.3515625	610.3515625	610.3515625
504	617.5994873046875	617.5994873046875	617.5994873046875	617.5994873046875
507	624.847412109375	624.847412109375	624.847412109375	624.847412109375
510	632.476806640625	632.476806640625	632.476806640625	632.476806640625
513	640.106201171875	640.106201171875	640.106201171875	640.106201171875
516	647.735595703125	647.735595703125	647.735595703125	647.735595703125
519	655.7464599609375	655.7464599609375	655.7464599609375	655.7464599609375
522	664.1387939453125	664.1387939453125	664.1387939453125	664.1387939453125
525	672.5311279296875	672.5311279296875	672.5311279296875	672.5311279296875
528	680.9234619140625	680.9234619140625	680.9234619140625	680.9234619140625
531	689.697265625	689.697265625	689.697265625	689.697265625
534	698.8525390625	698.8525390625	698.8525390625	698.8525390625
537	708.0078125	708.0078125	708.0078125	708.0078125
540	717.5445556640625	717.5445556640625	717.5445556640625	717.5445556640625
543	727.4627685546875	727.4627685546875	727.4627685546875	727.4627685546875
546	737.3809814453125	737.3809814453125	737.3809814453125	737.3809814453125
549	748.0621337890625	748.0621337890625	748.0621337890625	748.0621337890625
552	758.36181640625	758.36181640625	758.36181640625	758.36181640625
555	769.4244384765625	769.4244384765625	769.4244384765625	769.4244384765625
558	780.8685302734375	780.8685302734375	780.8685302734375	780.8685302734375
561	792.3126220703125	792.3126220703125	792.3126220703125	792.3126220703125
564	804.13818359375	804.13818359375	804.13818359375	804.13818359375
567	816.34521484375	816.34521484375	816.34521484375	816.34521484375
570	829.315185546875	829.315185546875	829.315185546875	829.315185546875
573	842.28515625	842.28515625	842.28515625	842.28515625
576	855.6365966796875	855.6365966796875	855.6365966796875	855.6365966796875
579	869.3695068359375	869.3695068359375	869.3695068359375	869.3695068359375
582	883.8653564453125	883.8653564453125	883.8653564453125	883.8653564453125
585	898.3612060546875	898.3612060546875	898.3612060546875	898.3612060546875
588	913.6199951171875	913.6199951171875	913.6199951171875	913.6199951171875
591	929.26025390625	929.26025390625	929.26025390625	929.26025390625
594	945.281982421875	945.281982421875	945.281982421875	945.281982421875
597	962.066650390625	962.066650390625	962.066650390625	962.066650390625


Created Data
