0	131.988525390625	131.988525390625	131.988525390625	131.988525390625
3	131.6070556640625	131.6070556640625	131.6070556640625	131.6070556640625
6	131.2255859375	131.2255859375	131.2255859375	131.2255859375
9	130.8441162109375	130.8441162109375	130.8441162109375	130.8441162109375
12	130.462646484375	130.462646484375	130.462646484375	130.462646484375
15	130.462646484375	130.462646484375	130.462646484375	130.462646484375
18	130.0811767578125	130.0811767578125	130.0811767578125	130.0811767578125
21	129.69970703125	129.69970703125	129.69970703125	129.69970703125
24	129.69970703125	129.69970703125	129.69970703125	129.69970703125
27	129.3182373046875	129.3182373046875	129.3182373046875	129.3182373046875
30	129.3182373046875	129.3182373046875	129.3182373046875	129.3182373046875
33	128.936767578125	128.936767578125	128.936767578125	128.936767578125
36	128.936767578125	128.936767578125	128.936767578125	128.936767578125
39	128.936767578125	128.936767578125	128.936767578125	128.936767578125
42	128.936767578125	128.936767578125	128.936767578125	128.936767578125
45	128.5552978515625	128.5552978515625	128.5552978515625	128.5552978515625
48	128.5552978515625	128.5552978515625	128.5552978515625	128.5552978515625
51	128.5552978515625	128.5552978515625	128.5552978515625	128.5552978515625
54	128.5552978515625	128.5552978515625	128.5552978515625	128.5552978515625
57	128.5552978515625	128.5552978515625	128.5552978515625	128.5552978515625
60	128.5552978515625	128.5552978515625	128.5552978515625	128.5552978515625
63	128.5552978515625	128.5552978515625	128.5552978515625	128.5552978515625
66	128.5552978515625	128.5552978515625	128.5552978515625	128.5552978515625
69	128.936767578125	128.936767578125	128.936767578125	128.936767578125
72	128.936767578125	128.936767578125	128.936767578125	128.936767578125
75	128.936767578125	128.936767578125	128.936767578125	128.936767578125
78	128.936767578125	128.936767578125	128.936767578125	128.936767578125
81	129.3182373046875	129.3182373046875	129.3182373046875	129.3182373046875
84	129.3182373046875	129.3182373046875	129.3182373046875	129.3182373046875
87	129.69970703125	129.69970703125	129.69970703125	129.69970703125
90	129.69970703125	129.69970703125	129.69970703125	129.69970703125
93	130.0811767578125	130.0811767578125	130.0811767578125	130.0811767578125
96	130.0811767578125	130.0811767578125	130.0811767578125	130.0811767578125
99	130.462646484375	130.462646484375	130.462646484375	130.462646484375
102	130.462646484375	130.462646484375	130.462646484375	130.462646484375
105	130.8441162109375	130.8441162109375	130.8441162109375	130.8441162109375
108	131.2255859375	131.2255859375	131.2255859375	131.2255859375
111	131.2255859375	131.2255859375	131.2255859375	131.2255859375
114	131.6070556640625	131.6070556640625	131.6070556640625	131.6070556640625
117	131.988525390625	131.988525390625	131.988525390625	131.988525390625
120	132.3699951171875	132.3699951171875	132.3699951171875	132.3699951171875
123	132.75146484375	132.75146484375	132.75146484375	132.75146484375
126	133.1329345703125	133.1329345703125	133.1329345703125	133.1329345703125
129	133.514404296875	133.514404296875	133.514404296875	133.514404296875
132	133.8958740234375	133.8958740234375	133.8958740234375	133.8958740234375
135	134.27734375	134.27734375	134.27734375	134.27734375
138	134.6588134765625	134.6588134765625	134.6588134765625	134.6588134765625
141	135.040283203125	135.040283203125	135.040283203125	135.040283203125
144	135.4217529296875	135.4217529296875	135.4217529296875	135.4217529296875
147	135.80322265625	135.80322265625	135.80322265625	135.80322265625
150	136.1846923828125	136.1846923828125	136.1846923828125	136.1846923828125
153	136.9476318359375	136.9476318359375	136.9476318359375	136.9476318359375
156	137.3291015625	137.3291015625	137.3291015625	137.3291015625
159	137.7105712890625	137.7105712890625	137.7105712890625	137.7105712890625
162	138.4735107421875	138.4735107421875	138.4735107421875	138.4735107421875
165	138.85498046875	138.85498046875	138.85498046875	138.85498046875
168	139.2364501953125	139.2364501953125	139.2364501953125	139.2364501953125
171	139.9993896484375	139.9993896484375	139.9993896484375	139.9993896484375
174	140.380859375	140.380859375	140.380859375	140.380859375
177	141.143798828125	141.143798828125	141.143798828125	141.143798828125
180	141.90673828125	141.90673828125	141.90673828125	141.90673828125
183	142.2882080078125	142.2882080078125	142.2882080078125	142.2882080078125
186	143.0511474609375	143.0511474609375	143.0511474609375	143.0511474609375
189	143.4326171875	143.4326171875	143.4326171875	143.4326171875
192	144.195556640625	144.195556640625	144.195556640625	144.195556640625
195	144.95849609375	144.95849609375	144.95849609375	144.95849609375
198	145.721435546875	145.721435546875	145.721435546875	145.721435546875
201	146.484375	146.484375	146.484375	146.484375
204	147.247314453125	147.247314453125	147.247314453125	147.247314453125
207	148.01025390625	148.01025390625	148.01025390625	148.01025390625
210	148.773193359375	148.773193359375	148.773193359375	148.773193359375
213	149.5361328125	149.5361328125	149.5361328125	149.5361328125
216	150.299072265625	150.299072265625	150.299072265625	150.299072265625
219	151.4434814453125	151.4434814453125	151.4434814453125	151.4434814453125
222	152.587890625	152.587890625	152.587890625	152.587890625
225	154.11376953125	154.11376953125	154.11376953125	154.11376953125
228	155.2581787109375	155.2581787109375	155.2581787109375	155.2581787109375
231	157.16552734375	157.16552734375	157.16552734375	157.16552734375
234	159.0728759765625	159.0728759765625	159.0728759765625	159.0728759765625
237	161.7431640625	161.7431640625	161.7431640625	161.7431640625
240	164.4134521484375	164.4134521484375	164.4134521484375	164.4134521484375
243	168.2281494140625	168.2281494140625	168.2281494140625	168.2281494140625
246	172.42431640625	172.42431640625	172.42431640625	172.42431640625
249	177.3834228515625	177.3834228515625	177.3834228515625	177.3834228515625
252	183.868408203125	183.868408203125	183.868408203125	183.868408203125
255	191.1163330078125	191.1163330078125	191.1163330078125	191.1163330078125
258	199.89013671875	199.89013671875	199.89013671875	199.89013671875
261	210.5712890625	210.5712890625	210.5712890625	210.5712890625
264	222.7783203125	222.7783203125	222.7783203125	222.7783203125
267	237.274169921875	237.274169921875	237.274169921875	237.274169921875
270	253.6773681640625	253.6773681640625	253.6773681640625	253.6773681640625
273	272.369384765625	272.369384765625	272.369384765625	272.369384765625
276	293.3502197265625	293.3502197265625	293.3502197265625	293.3502197265625
279	317.0013427734375	317.0013427734375	317.0013427734375	317.0013427734375
282	343.32275390625	343.32275390625	343.32275390625	343.32275390625
285	371.551513671875	371.551513671875	371.551513671875	371.551513671875
288	402.4505615234375	402.4505615234375	402.4505615234375	402.4505615234375
291	434.87548828125	434.87548828125	434.87548828125	434.87548828125
294	468.8262939453125	468.8262939453125	468.8262939453125	468.8262939453125
297	504.302978515625	504.302978515625	504.302978515625	504.302978515625
300	539.7796630859375	539.7796630859375	539.7796630859375	539.7796630859375
303	575.6378173828125	575.6378173828125	575.6378173828125	575.6378173828125
306	610.7330322265625	610.7330322265625	610.7330322265625	610.7330322265625
309	644.3023681640625	644.3023681640625	644.3023681640625	644.3023681640625
312	675.5828857421875	675.5828857421875	675.5828857421875	675.5828857421875
315	704.193115234375	704.193115234375	704.193115234375	704.193115234375
318	728.9886474609375	728.9886474609375	728.9886474609375	728.9886474609375
321	749.5880126953125	749.5880126953125	749.5880126953125	749.5880126953125
324	765.6097412109375	765.6097412109375	765.6097412109375	765.6097412109375
327	776.67236328125	776.67236328125	776.67236328125	776.67236328125
330	782.3944091796875	782.3944091796875	782.3944091796875	782.3944091796875
333	782.3944091796875	782.3944091796875	782.3944091796875	782.3944091796875
336	777.0538330078125	777.0538330078125	777.0538330078125	777.0538330078125
339	766.3726806640625	766.3726806640625	766.3726806640625	766.3726806640625
342	750.732421875	750.732421875	750.732421875	750.732421875
345	730.5145263671875	730.5145263671875	730.5145263671875	730.5145263671875
348	706.1004638671875	706.1004638671875	706.1004638671875	706.1004638671875
351	678.6346435546875	678.6346435546875	678.6346435546875	678.6346435546875
354	648.49853515625	648.49853515625	648.49853515625	648.49853515625
357	616.455078125	616.455078125	616.455078125	616.455078125
360	583.2672119140625	583.2672119140625	583.2672119140625	583.2672119140625
363	549.6978759765625	549.6978759765625	549.6978759765625	549.6978759765625
366	516.1285400390625	516.1285400390625	516.1285400390625	516.1285400390625
369	483.3221435546875	483.3221435546875	483.3221435546875	483.3221435546875
372	451.66015625	451.66015625	451.66015625	451.66015625
375	421.905517578125	421.905517578125	421.905517578125	421.905517578125
378	394.439697265625	394.439697265625	394.439697265625	394.439697265625
381	368.8812255859375	368.8812255859375	368.8812255859375	368.8812255859375
384	345.9930419921875	345.9930419921875	345.9930419921875	345.9930419921875
387	325.3936767578125	325.3936767578125	325.3936767578125	325.3936767578125
390	307.464599609375	307.464599609375	307.464599609375	307.464599609375
393	291.8243408203125	291.8243408203125	291.8243408203125	291.8243408203125
396	278.8543701171875	278.8543701171875	278.8543701171875	278.8543701171875
399	267.791748046875	267.791748046875	267.791748046875	267.791748046875
402	258.636474609375	258.636474609375	258.636474609375	258.636474609375
405	251.3885498046875	251.3885498046875	251.3885498046875	251.3885498046875
408	245.66650390625	245.66650390625	245.66650390625	245.66650390625
411	241.4703369140625	241.4703369140625	241.4703369140625	241.4703369140625
414	238.4185791015625	238.4185791015625	238.4185791015625	238.4185791015625
417	236.51123046875	236.51123046875	236.51123046875	236.51123046875
420	235.748291015625	235.748291015625	235.748291015625	235.748291015625
423	235.3668212890625	235.3668212890625	235.3668212890625	235.3668212890625
426	235.748291015625	235.748291015625	235.748291015625	235.748291015625
429	236.8927001953125	236.8927001953125	236.8927001953125	236.8927001953125
432	238.4185791015625	238.4185791015625	238.4185791015625	238.4185791015625
435	240.325927734375	240.325927734375	240.325927734375	240.325927734375
438	242.61474609375	242.61474609375	242.61474609375	242.61474609375
441	245.2850341796875	245.2850341796875	245.2850341796875	245.2850341796875
444	247.955322265625	247.955322265625	247.955322265625	247.955322265625
447	251.007080078125	251.007080078125	251.007080078125	251.007080078125
450	254.4403076171875	254.4403076171875	254.4403076171875	254.4403076171875
453	257.87353515625	257.87353515625	257.87353515625	257.87353515625
456	261.688232421875	261.688232421875	261.688232421875	261.688232421875
459	265.5029296875	265.5029296875	265.5029296875	265.5029296875
462	269.6990966796875	269.6990966796875	269.6990966796875	269.6990966796875
465	273.895263671875	273.895263671875	273.895263671875	273.895263671875
468	278.472900390625	278.472900390625	278.472900390625	278.472900390625
471	283.4320068359375	283.4320068359375	283.4320068359375	283.4320068359375
474	288.39111328125	288.39111328125	288.39111328125	288.39111328125
477	293.731689453125	293.731689453125	293.731689453125	293.731689453125
480	299.072265625	299.072265625	299.072265625	299.072265625
483	305.17578125	305.17578125	305.17578125	305.17578125
486	311.279296875	311.279296875	311.279296875	311.279296875
489	317.3828125	317.3828125	317.3828125	317.3828125
492	324.249267578125	324.249267578125	324.249267578125	324.249267578125
495	331.11572265625	331.11572265625	331.11572265625	331.11572265625
498	338.3636474609375	338.3636474609375	338.3636474609375	338.3636474609375
501	345.9930419921875	345.9930419921875	345.9930419921875	345.9930419921875
504	354.00390625	354.00390625	354.00390625	354.00390625
507	362.396240234375	362.396240234375	362.396240234375	362.396240234375
510	370.78857421875	370.78857421875	370.78857421875	370.78857421875
513	379.94384765625	379.94384765625	379.94384765625	379.94384765625
516	389.4805908203125	389.4805908203125	389.4805908203125	389.4805908203125
519	399.3988037109375	399.3988037109375	399.3988037109375	399.3988037109375
522	409.698486328125	409.698486328125	409.698486328125	409.698486328125
525	420.7611083984375	420.7611083984375	420.7611083984375	420.7611083984375
528	431.82373046875	431.82373046875	431.82373046875	431.82373046875
531	443.6492919921875	443.6492919921875	443.6492919921875	443.6492919921875
534	456.23779296875	456.23779296875	456.23779296875	456.23779296875
537	468.8262939453125	468.8262939453125	468.8262939453125	468.8262939453125
540	482.177734375	482.177734375	482.177734375	482.177734375
543	496.2921142578125	496.2921142578125	496.2921142578125	496.2921142578125
546	510.7879638671875	510.7879638671875	510.7879638671875	510.7879638671875
549	526.0467529296875	526.0467529296875	526.0467529296875	526.0467529296875
552	541.68701171875	541.68701171875	541.68701171875	541.68701171875
555	558.0902099609375	558.0902099609375	558.0902099609375	558.0902099609375
558	575.25634765625	575.25634765625	575.25634765625	575.25634765625
561	593.1854248046875	593.1854248046875	593.1854248046875	593.1854248046875
564	611.4959716796875	611.4959716796875	611.4959716796875	611.4959716796875
567	630.950927734375	630.950927734375	630.950927734375	630.950927734375
570	650.787353515625	650.787353515625	650.787353515625	650.787353515625
573	671.7681884765625	671.7681884765625	671.7681884765625	671.7681884765625
576	693.511962890625	693.511962890625	693.511962890625	693.511962890625
579	716.0186767578125	716.0186767578125	716.0186767578125	716.0186767578125
582	739.288330078125	739.288330078125	739.288330078125	739.288330078125
585	763.702392578125	763.702392578125	763.702392578125	763.702392578125
588	788.87939453125	788.87939453125	788.87939453125	788.87939453125
591	814.8193359375	814.8193359375	814.8193359375	814.8193359375
594	842.28515625	842.28515625	842.28515625	842.28515625
597	870.1324462890625	870.1324462890625	870.1324462890625	870.1324462890625


Created Data
