0	110.626220703125	110.626220703125	110.626220703125	110.626220703125
3	110.2447509765625	110.2447509765625	110.2447509765625	110.2447509765625
6	110.2447509765625	110.2447509765625	110.2447509765625	110.2447509765625
9	110.2447509765625	110.2447509765625	110.2447509765625	110.2447509765625
12	110.2447509765625	110.2447509765625	110.2447509765625	110.2447509765625
15	110.2447509765625	110.2447509765625	110.2447509765625	110.2447509765625
18	110.2447509765625	110.2447509765625	110.2447509765625	110.2447509765625
21	110.626220703125	110.626220703125	110.626220703125	110.626220703125
24	110.626220703125	110.626220703125	110.626220703125	110.626220703125
27	111.0076904296875	111.0076904296875	111.0076904296875	111.0076904296875
30	111.38916015625	111.38916015625	111.38916015625	111.38916015625
33	111.7706298828125	111.7706298828125	111.7706298828125	111.7706298828125
36	112.152099609375	112.152099609375	112.152099609375	112.152099609375
39	112.5335693359375	112.5335693359375	112.5335693359375	112.5335693359375
42	113.2965087890625	113.2965087890625	113.2965087890625	113.2965087890625
45	113.677978515625	113.677978515625	113.677978515625	113.677978515625
48	114.44091796875	114.44091796875	114.44091796875	114.44091796875
51	114.8223876953125	114.8223876953125	114.8223876953125	114.8223876953125
54	115.5853271484375	115.5853271484375	115.5853271484375	115.5853271484375
57	116.3482666015625	116.3482666015625	116.3482666015625	116.3482666015625
60	117.1112060546875	117.1112060546875	117.1112060546875	117.1112060546875
63	117.8741455078125	117.8741455078125	117.8741455078125	117.8741455078125
66	118.6370849609375	118.6370849609375	118.6370849609375	118.6370849609375
69	119.4000244140625	119.4000244140625	119.4000244140625	119.4000244140625
72	120.54443359375	120.54443359375	120.54443359375	120.54443359375
75	121.307373046875	121.307373046875	121.307373046875	121.307373046875
78	122.4517822265625	122.4517822265625	122.4517822265625	122.4517822265625
81	123.2147216796875	123.2147216796875	123.2147216796875	123.2147216796875
84	124.359130859375	124.359130859375	124.359130859375	124.359130859375
87	125.5035400390625	125.5035400390625	125.5035400390625	125.5035400390625
90	126.64794921875	126.64794921875	126.64794921875	126.64794921875
93	127.7923583984375	127.7923583984375	127.7923583984375	127.7923583984375
96	128.936767578125	128.936767578125	128.936767578125	128.936767578125
99	130.0811767578125	130.0811767578125	130.0811767578125	130.0811767578125
102	131.2255859375	131.2255859375	131.2255859375	131.2255859375
105	132.75146484375	132.75146484375	132.75146484375	132.75146484375
108	133.8958740234375	133.8958740234375	133.8958740234375	133.8958740234375
111	135.4217529296875	135.4217529296875	135.4217529296875	135.4217529296875
114	136.566162109375	136.566162109375	136.566162109375	136.566162109375
117	138.092041015625	138.092041015625	138.092041015625	138.092041015625
120	139.617919921875	139.617919921875	139.617919921875	139.617919921875
123	140.7623291015625	140.7623291015625	140.7623291015625	140.7623291015625
126	142.2882080078125	142.2882080078125	142.2882080078125	142.2882080078125
129	143.8140869140625	143.8140869140625	143.8140869140625	143.8140869140625
132	145.3399658203125	145.3399658203125	145.3399658203125	145.3399658203125
135	147.247314453125	147.247314453125	147.247314453125	147.247314453125
138	148.773193359375	148.773193359375	148.773193359375	148.773193359375
141	150.299072265625	150.299072265625	150.299072265625	150.299072265625
144	152.2064208984375	152.2064208984375	152.2064208984375	152.2064208984375
147	153.7322998046875	153.7322998046875	153.7322998046875	153.7322998046875
150	155.6396484375	155.6396484375	155.6396484375	155.6396484375
153	157.5469970703125	157.5469970703125	157.5469970703125	157.5469970703125
156	159.454345703125	159.454345703125	159.454345703125	159.454345703125
159	161.3616943359375	161.3616943359375	161.3616943359375	161.3616943359375
162	163.26904296875	163.26904296875	163.26904296875	163.26904296875
165	165.1763916015625	165.1763916015625	165.1763916015625	165.1763916015625
168	167.083740234375	167.083740234375	167.083740234375	167.083740234375
171	168.9910888671875	168.9910888671875	168.9910888671875	168.9910888671875
174	171.2799072265625	171.2799072265625	171.2799072265625	171.2799072265625
177	173.187255859375	173.187255859375	173.187255859375	173.187255859375
180	175.47607421875	175.47607421875	175.47607421875	175.47607421875
183	177.764892578125	177.764892578125	177.764892578125	177.764892578125
186	179.6722412109375	179.6722412109375	179.6722412109375	179.6722412109375
189	181.9610595703125	181.9610595703125	181.9610595703125	181.9610595703125
192	184.2498779296875	184.2498779296875	184.2498779296875	184.2498779296875
195	186.5386962890625	186.5386962890625	186.5386962890625	186.5386962890625
198	189.208984375	189.208984375	189.208984375	189.208984375
201	191.497802734375	191.497802734375	191.497802734375	191.497802734375
204	193.78662109375	193.78662109375	193.78662109375	193.78662109375
207	196.4569091796875	196.4569091796875	196.4569091796875	196.4569091796875
210	198.7457275390625	198.7457275390625	198.7457275390625	198.7457275390625
213	201.416015625	201.416015625	201.416015625	201.416015625
216	204.0863037109375	204.0863037109375	204.0863037109375	204.0863037109375
219	206.756591796875	206.756591796875	206.756591796875	206.756591796875
222	209.4268798828125	209.4268798828125	209.4268798828125	209.4268798828125
225	212.09716796875	212.09716796875	212.09716796875	212.09716796875
228	214.7674560546875	214.7674560546875	214.7674560546875	214.7674560546875
231	217.437744140625	217.437744140625	217.437744140625	217.437744140625
234	220.489501953125	220.489501953125	220.489501953125	220.489501953125
237	223.1597900390625	223.1597900390625	223.1597900390625	223.1597900390625
240	226.2115478515625	226.2115478515625	226.2115478515625	226.2115478515625
243	228.8818359375	228.8818359375	228.8818359375	228.8818359375
246	231.93359375	231.93359375	231.93359375	231.93359375
249	234.9853515625	234.9853515625	234.9853515625	234.9853515625
252	238.037109375	238.037109375	238.037109375	238.037109375
255	241.0888671875	241.0888671875	241.0888671875	241.0888671875
258	244.140625	244.140625	244.140625	244.140625
261	247.1923828125	247.1923828125	247.1923828125	247.1923828125
264	250.6256103515625	250.6256103515625	250.6256103515625	250.6256103515625
267	253.6773681640625	253.6773681640625	253.6773681640625	253.6773681640625
270	257.110595703125	257.110595703125	257.110595703125	257.110595703125
273	260.162353515625	260.162353515625	260.162353515625	260.162353515625
276	263.5955810546875	263.5955810546875	263.5955810546875	263.5955810546875
279	267.02880859375	267.02880859375	267.02880859375	267.02880859375
282	270.4620361328125	270.4620361328125	270.4620361328125	270.4620361328125
285	273.895263671875	273.895263671875	273.895263671875	273.895263671875
288	277.7099609375	277.7099609375	277.7099609375	277.7099609375
291	281.524658203125	281.524658203125	281.524658203125	281.524658203125
294	284.9578857421875	284.9578857421875	284.9578857421875	284.9578857421875
297	289.154052734375	289.154052734375	289.154052734375	289.154052734375
300	293.3502197265625	293.3502197265625	293.3502197265625	293.3502197265625
303	297.54638671875	297.54638671875	297.54638671875	297.54638671875
306	302.1240234375	302.1240234375	302.1240234375	302.1240234375
309	306.70166015625	306.70166015625	306.70166015625	306.70166015625
312	311.6607666015625	311.6607666015625	311.6607666015625	311.6607666015625
315	317.0013427734375	317.0013427734375	317.0013427734375	317.0013427734375
318	322.723388671875	322.723388671875	322.723388671875	322.723388671875
321	328.4454345703125	328.4454345703125	328.4454345703125	328.4454345703125
324	335.3118896484375	335.3118896484375	335.3118896484375	335.3118896484375
327	342.1783447265625	342.1783447265625	342.1783447265625	342.1783447265625
330	349.8077392578125	349.8077392578125	349.8077392578125	349.8077392578125
333	357.818603515625	357.818603515625	357.818603515625	357.818603515625
336	366.5924072265625	366.5924072265625	366.5924072265625	366.5924072265625
339	375.7476806640625	375.7476806640625	375.7476806640625	375.7476806640625
342	385.6658935546875	385.6658935546875	385.6658935546875	385.6658935546875
345	395.965576171875	395.965576171875	395.965576171875	395.965576171875
348	407.0281982421875	407.0281982421875	407.0281982421875	407.0281982421875
351	418.0908203125	418.0908203125	418.0908203125	418.0908203125
354	429.534912109375	429.534912109375	429.534912109375	429.534912109375
357	441.741943359375	441.741943359375	441.741943359375	441.741943359375
360	453.5675048828125	453.5675048828125	453.5675048828125	453.5675048828125
363	465.39306640625	465.39306640625	465.39306640625	465.39306640625
366	477.2186279296875	477.2186279296875	477.2186279296875	477.2186279296875
369	488.6627197265625	488.6627197265625	488.6627197265625	488.6627197265625
372	412.3687744140625	412.3687744140625	412.3687744140625	412.3687744140625
375	446.7010498046875	446.7010498046875	446.7010498046875	446.7010498046875
378	593.1854248046875	593.1854248046875	593.1854248046875	593.1854248046875
381	587.0819091796875	587.0819091796875	587.0819091796875	587.0819091796875
384	452.423095703125	452.423095703125	452.423095703125	452.423095703125
387	528.717041015625	528.717041015625	528.717041015625	528.717041015625
390	546.6461181640625	546.6461181640625	546.6461181640625	546.6461181640625
393	600.8148193359375	600.8148193359375	600.8148193359375	600.8148193359375
396	444.793701171875	444.793701171875	444.793701171875	444.793701171875
399	652.6947021484375	652.6947021484375	652.6947021484375	652.6947021484375
402	480.65185546875	480.65185546875	480.65185546875	480.65185546875
405	414.6575927734375	414.6575927734375	414.6575927734375	414.6575927734375
408	650.787353515625	650.787353515625	650.787353515625	650.787353515625
411	550.4608154296875	550.4608154296875	550.4608154296875	550.4608154296875
414	547.79052734375	547.79052734375	547.79052734375	547.79052734375
417	545.1202392578125	545.1202392578125	545.1202392578125	545.1202392578125
420	542.0684814453125	542.0684814453125	542.0684814453125	542.0684814453125
423	539.398193359375	539.398193359375	539.398193359375	539.398193359375
426	535.9649658203125	535.9649658203125	535.9649658203125	535.9649658203125
429	533.294677734375	533.294677734375	533.294677734375	533.294677734375
432	531.005859375	531.005859375	531.005859375	531.005859375
435	529.0985107421875	529.0985107421875	529.0985107421875	529.0985107421875
438	527.9541015625	527.9541015625	527.9541015625	527.9541015625
441	527.191162109375	527.191162109375	527.191162109375	527.191162109375
444	527.191162109375	527.191162109375	527.191162109375	527.191162109375
447	527.191162109375	527.191162109375	527.191162109375	527.191162109375
450	528.3355712890625	528.3355712890625	528.3355712890625	528.3355712890625
453	530.242919921875	530.242919921875	530.242919921875	530.242919921875
456	532.53173828125	532.53173828125	532.53173828125	532.53173828125
459	535.2020263671875	535.2020263671875	535.2020263671875	535.2020263671875
462	538.63525390625	538.63525390625	538.63525390625	538.63525390625
465	542.0684814453125	542.0684814453125	542.0684814453125	542.0684814453125
468	546.6461181640625	546.6461181640625	546.6461181640625	546.6461181640625
471	550.84228515625	550.84228515625	550.84228515625	550.84228515625
474	555.8013916015625	555.8013916015625	555.8013916015625	555.8013916015625
477	561.1419677734375	561.1419677734375	561.1419677734375	561.1419677734375
480	566.4825439453125	566.4825439453125	566.4825439453125	566.4825439453125
483	571.8231201171875	571.8231201171875	571.8231201171875	571.8231201171875
486	577.9266357421875	577.9266357421875	577.9266357421875	577.9266357421875
489	584.0301513671875	584.0301513671875	584.0301513671875	584.0301513671875
492	590.51513671875	590.51513671875	590.51513671875	590.51513671875
495	597.0001220703125	597.0001220703125	597.0001220703125	597.0001220703125
498	603.8665771484375	603.8665771484375	603.8665771484375	603.8665771484375
501	610.7330322265625	610.7330322265625	610.7330322265625	610.7330322265625
504	617.5994873046875	617.5994873046875	617.5994873046875	617.5994873046875
507	624.847412109375	624.847412109375	624.847412109375	624.847412109375
510	632.476806640625	632.476806640625	632.476806640625	632.476806640625
513	640.106201171875	640.106201171875	640.106201171875	640.106201171875
516	647.735595703125	647.735595703125	647.735595703125	647.735595703125
519	655.7464599609375	655.7464599609375	655.7464599609375	655.7464599609375
522	664.1387939453125	664.1387939453125	664.1387939453125	664.1387939453125
525	672.5311279296875	672.5311279296875	672.5311279296875	672.5311279296875
528	680.9234619140625	680.9234619140625	680.9234619140625	680.9234619140625
531	689.697265625	689.697265625	689.697265625	689.697265625
534	698.8525390625	698.8525390625	698.8525390625	698.8525390625
537	708.0078125	708.0078125	708.0078125	708.0078125
540	717.5445556640625	717.5445556640625	717.5445556640625	717.5445556640625
543	727.4627685546875	727.4627685546875	727.4627685546875	727.4627685546875
546	737.3809814453125	737.3809814453125	737.3809814453125	737.3809814453125
549	748.0621337890625	748.0621337890625	748.0621337890625	748.0621337890625
552	758.36181640625	758.36181640625	758.36181640625	758.36181640625
555	769.4244384765625	769.4244384765625	769.4244384765625	769.4244384765625
558	780.8685302734375	780.8685302734375	780.8685302734375	780.8685302734375
561	792.3126220703125	792.3126220703125	792.3126220703125	792.3126220703125
564	804.13818359375	804.13818359375	804.13818359375	804.13818359375
567	816.34521484375	816.34521484375	816.34521484375	816.34521484375
570	829.315185546875	829.315185546875	829.315185546875	829.315185546875
573	842.28515625	842.28515625	842.28515625	842.28515625
576	855.6365966796875	855.6365966796875	855.6365966796875	855.6365966796875
579	869.3695068359375	869.3695068359375	869.3695068359375	869.3695068359375
582	883.8653564453125	883.8653564453125	883.8653564453125	883.8653564453125
585	898.3612060546875	898.3612060546875	898.3612060546875	898.3612060546875
588	913.6199951171875	913.6199951171875	913.6199951171875	913.6199951171875
591	929.26025390625	929.26025390625	929.26025390625	929.26025390625
594	945.281982421875	945.281982421875	945.281982421875	945.281982421875
597	962.066650390625	962.066650390625	962.066650390625	962.066650390625


Created Data
