0	131.988525390625	131.988525390625	131.988525390625	131.988525390625
3	131.6070556640625	131.6070556640625	131.6070556640625	131.6070556640625
6	131.2255859375	131.2255859375	131.2255859375	131.2255859375
9	130.8441162109375	130.8441162109375	130.8441162109375	130.8441162109375
12	130.462646484375	130.462646484375	130.462646484375	130.462646484375
15	130.462646484375	130.462646484375	130.462646484375	130.462646484375
18	130.0811767578125	130.0811767578125	130.0811767578125	130.0811767578125
21	129.69970703125	129.69970703125	129.69970703125	129.69970703125
24	129.69970703125	129.69970703125	129.69970703125	129.69970703125
27	129.3182373046875	129.3182373046875	129.3182373046875	129.3182373046875
30	129.3182373046875	129.3182373046875	129.3182373046875	129.3182373046875
33	128.936767578125	128.936767578125	128.936767578125	128.936767578125
36	128.936767578125	128.936767578125	128.936767578125	128.936767578125
39	128.936767578125	128.936767578125	128.936767578125	128.936767578125
42	128.936767578125	128.936767578125	128.936767578125	128.936767578125
45	128.5552978515625	128.5552978515625	128.5552978515625	128.5552978515625
48	128.5552978515625	128.5552978515625	128.5552978515625	128.5552978515625
51	128.5552978515625	128.5552978515625	128.5552978515625	128.5552978515625
54	128.5552978515625	128.5552978515625	128.5552978515625	128.5552978515625
57	128.5552978515625	128.5552978515625	128.5552978515625	128.5552978515625
60	128.5552978515625	128.5552978515625	128.5552978515625	128.5552978515625
63	128.5552978515625	128.5552978515625	128.5552978515625	128.5552978515625
66	128.5552978515625	128.5552978515625	128.5552978515625	128.5552978515625
69	128.936767578125	128.936767578125	128.936767578125	128.936767578125
72	128.936767578125	128.936767578125	128.936767578125	128.936767578125
75	128.936767578125	128.936767578125	128.936767578125	128.936767578125
78	128.936767578125	128.936767578125	128.936767578125	128.936767578125
81	129.3182373046875	129.3182373046875	129.3182373046875	129.3182373046875
84	129.3182373046875	129.3182373046875	129.3182373046875	129.3182373046875
87	129.69970703125	129.69970703125	129.69970703125	129.69970703125
90	129.69970703125	129.69970703125	129.69970703125	129.69970703125
93	130.0811767578125	130.0811767578125	130.0811767578125	130.0811767578125
96	130.0811767578125	130.0811767578125	130.0811767578125	130.0811767578125
99	130.462646484375	130.462646484375	130.462646484375	130.462646484375
102	130.462646484375	130.462646484375	130.462646484375	130.462646484375
105	130.8441162109375	130.8441162109375	130.8441162109375	130.8441162109375
108	131.2255859375	131.2255859375	131.2255859375	131.2255859375
111	131.2255859375	131.2255859375	131.2255859375	131.2255859375
114	131.6070556640625	131.6070556640625	131.6070556640625	131.6070556640625
117	131.988525390625	131.988525390625	131.988525390625	131.988525390625
120	132.3699951171875	132.3699951171875	132.3699951171875	132.3699951171875
123	132.75146484375	132.75146484375	132.75146484375	132.75146484375
126	133.1329345703125	133.1329345703125	133.1329345703125	133.1329345703125
129	133.514404296875	133.514404296875	133.514404296875	133.514404296875
132	133.8958740234375	133.8958740234375	133.8958740234375	133.8958740234375
135	134.27734375	134.27734375	134.27734375	134.27734375
138	134.6588134765625	134.6588134765625	134.6588134765625	134.6588134765625
141	135.040283203125	135.040283203125	135.040283203125	135.040283203125
144	135.4217529296875	135.4217529296875	135.4217529296875	135.4217529296875
147	135.80322265625	135.80322265625	135.80322265625	135.80322265625
150	136.1846923828125	136.1846923828125	136.1846923828125	136.1846923828125
153	136.9476318359375	136.9476318359375	136.9476318359375	136.9476318359375
156	137.3291015625	137.3291015625	137.3291015625	137.3291015625
159	137.7105712890625	137.7105712890625	137.7105712890625	137.7105712890625
162	138.4735107421875	138.4735107421875	138.4735107421875	138.4735107421875
165	138.85498046875	138.85498046875	138.85498046875	138.85498046875
168	139.2364501953125	139.2364501953125	139.2364501953125	139.2364501953125
171	139.9993896484375	139.9993896484375	139.9993896484375	139.9993896484375
174	140.380859375	140.380859375	140.380859375	140.380859375
177	141.143798828125	141.143798828125	141.143798828125	141.143798828125
180	141.5252685546875	141.5252685546875	141.5252685546875	141.5252685546875
183	142.2882080078125	142.2882080078125	142.2882080078125	142.2882080078125
186	143.0511474609375	143.0511474609375	143.0511474609375	143.0511474609375
189	143.4326171875	143.4326171875	143.4326171875	143.4326171875
192	144.195556640625	144.195556640625	144.195556640625	144.195556640625
195	144.95849609375	144.95849609375	144.95849609375	144.95849609375
198	145.721435546875	145.721435546875	145.721435546875	145.721435546875
201	146.1029052734375	146.1029052734375	146.1029052734375	146.1029052734375
204	146.8658447265625	146.8658447265625	146.8658447265625	146.8658447265625
207	147.6287841796875	147.6287841796875	147.6287841796875	147.6287841796875
210	148.3917236328125	148.3917236328125	148.3917236328125	148.3917236328125
213	149.1546630859375	149.1546630859375	149.1546630859375	149.1546630859375
216	149.9176025390625	149.9176025390625	149.9176025390625	149.9176025390625
219	150.6805419921875	150.6805419921875	150.6805419921875	150.6805419921875
222	151.4434814453125	151.4434814453125	151.4434814453125	151.4434814453125
225	152.2064208984375	152.2064208984375	152.2064208984375	152.2064208984375
228	152.9693603515625	152.9693603515625	152.9693603515625	152.9693603515625
231	153.7322998046875	153.7322998046875	153.7322998046875	153.7322998046875
234	154.4952392578125	154.4952392578125	154.4952392578125	154.4952392578125
237	155.2581787109375	155.2581787109375	155.2581787109375	155.2581787109375
240	156.0211181640625	156.0211181640625	156.0211181640625	156.0211181640625
243	156.7840576171875	156.7840576171875	156.7840576171875	156.7840576171875
246	157.5469970703125	157.5469970703125	157.5469970703125	157.5469970703125
249	158.3099365234375	158.3099365234375	158.3099365234375	158.3099365234375
252	159.0728759765625	159.0728759765625	159.0728759765625	159.0728759765625
255	159.8358154296875	159.8358154296875	159.8358154296875	159.8358154296875
258	160.980224609375	160.980224609375	160.980224609375	160.980224609375
261	161.7431640625	161.7431640625	161.7431640625	161.7431640625
264	162.506103515625	162.506103515625	162.506103515625	162.506103515625
267	163.26904296875	163.26904296875	163.26904296875	163.26904296875
270	164.4134521484375	164.4134521484375	164.4134521484375	164.4134521484375
273	165.1763916015625	165.1763916015625	165.1763916015625	165.1763916015625
276	165.9393310546875	165.9393310546875	165.9393310546875	165.9393310546875
279	166.7022705078125	166.7022705078125	166.7022705078125	166.7022705078125
282	167.8466796875	167.8466796875	167.8466796875	167.8466796875
285	168.609619140625	168.609619140625	168.609619140625	168.609619140625
288	169.37255859375	169.37255859375	169.37255859375	169.37255859375
291	170.5169677734375	170.5169677734375	170.5169677734375	170.5169677734375
294	171.2799072265625	171.2799072265625	171.2799072265625	171.2799072265625
297	172.0428466796875	172.0428466796875	172.0428466796875	172.0428466796875
300	173.187255859375	173.187255859375	173.187255859375	173.187255859375
303	173.9501953125	173.9501953125	173.9501953125	173.9501953125
306	175.0946044921875	175.0946044921875	175.0946044921875	175.0946044921875
309	175.8575439453125	175.8575439453125	175.8575439453125	175.8575439453125
312	177.001953125	177.001953125	177.001953125	177.001953125
315	177.764892578125	177.764892578125	177.764892578125	177.764892578125
318	178.9093017578125	178.9093017578125	178.9093017578125	178.9093017578125
321	179.6722412109375	179.6722412109375	179.6722412109375	179.6722412109375
324	180.816650390625	180.816650390625	180.816650390625	180.816650390625
327	181.9610595703125	181.9610595703125	181.9610595703125	181.9610595703125
330	182.7239990234375	182.7239990234375	182.7239990234375	182.7239990234375
333	183.868408203125	183.868408203125	183.868408203125	183.868408203125
336	185.0128173828125	185.0128173828125	185.0128173828125	185.0128173828125
339	186.5386962890625	186.5386962890625	186.5386962890625	186.5386962890625
342	187.68310546875	187.68310546875	187.68310546875	187.68310546875
345	189.208984375	189.208984375	189.208984375	189.208984375
348	191.1163330078125	191.1163330078125	191.1163330078125	191.1163330078125
351	193.023681640625	193.023681640625	193.023681640625	193.023681640625
354	194.9310302734375	194.9310302734375	194.9310302734375	194.9310302734375
357	197.601318359375	197.601318359375	197.601318359375	197.601318359375
360	200.653076171875	200.653076171875	200.653076171875	200.653076171875
363	204.4677734375	204.4677734375	204.4677734375	204.4677734375
366	208.6639404296875	208.6639404296875	208.6639404296875	208.6639404296875
369	213.623046875	213.623046875	213.623046875	213.623046875
372	219.7265625	219.7265625	219.7265625	219.7265625
375	226.9744873046875	226.9744873046875	226.9744873046875	226.9744873046875
378	235.748291015625	235.748291015625	235.748291015625	235.748291015625
381	246.0479736328125	246.0479736328125	246.0479736328125	246.0479736328125
384	257.87353515625	257.87353515625	257.87353515625	257.87353515625
387	271.6064453125	271.6064453125	271.6064453125	271.6064453125
390	287.628173828125	287.628173828125	287.628173828125	287.628173828125
393	305.938720703125	305.938720703125	305.938720703125	305.938720703125
396	326.9195556640625	326.9195556640625	326.9195556640625	326.9195556640625
399	349.8077392578125	349.8077392578125	349.8077392578125	349.8077392578125
402	375.7476806640625	375.7476806640625	375.7476806640625	375.7476806640625
405	403.9764404296875	403.9764404296875	403.9764404296875	403.9764404296875
408	434.4940185546875	434.4940185546875	434.4940185546875	434.4940185546875
411	467.3004150390625	467.3004150390625	467.3004150390625	467.3004150390625
414	501.6326904296875	501.6326904296875	501.6326904296875	501.6326904296875
417	537.872314453125	537.872314453125	537.872314453125	537.872314453125
420	574.493408203125	574.493408203125	574.493408203125	574.493408203125
423	611.87744140625	611.87744140625	611.87744140625	611.87744140625
426	648.8800048828125	648.8800048828125	648.8800048828125	648.8800048828125
429	684.7381591796875	684.7381591796875	684.7381591796875	684.7381591796875
432	719.0704345703125	719.0704345703125	719.0704345703125	719.0704345703125
435	750.732421875	750.732421875	750.732421875	750.732421875
438	779.72412109375	779.72412109375	779.72412109375	779.72412109375
441	804.5196533203125	804.5196533203125	804.5196533203125	804.5196533203125
444	825.50048828125	825.50048828125	825.50048828125	825.50048828125
447	841.1407470703125	841.1407470703125	841.1407470703125	841.1407470703125
450	851.8218994140625	851.8218994140625	851.8218994140625	851.8218994140625
453	857.5439453125	857.5439453125	857.5439453125	857.5439453125
456	857.5439453125	857.5439453125	857.5439453125	857.5439453125
459	852.5848388671875	852.5848388671875	852.5848388671875	852.5848388671875
462	842.6666259765625	842.6666259765625	842.6666259765625	842.6666259765625
465	827.789306640625	827.789306640625	827.789306640625	827.789306640625
468	809.0972900390625	809.0972900390625	809.0972900390625	809.0972900390625
471	786.9720458984375	786.9720458984375	786.9720458984375	786.9720458984375
474	761.7950439453125	761.7950439453125	761.7950439453125	761.7950439453125
477	735.0921630859375	735.0921630859375	735.0921630859375	735.0921630859375
480	706.48193359375	706.48193359375	706.48193359375	706.48193359375
483	677.8717041015625	677.8717041015625	677.8717041015625	677.8717041015625
486	648.8800048828125	648.8800048828125	648.8800048828125	648.8800048828125
489	620.6512451171875	620.6512451171875	620.6512451171875	620.6512451171875
492	593.9483642578125	593.9483642578125	593.9483642578125	593.9483642578125
495	569.15283203125	569.15283203125	569.15283203125	569.15283203125
498	546.2646484375	546.2646484375	546.2646484375	546.2646484375
501	526.0467529296875	526.0467529296875	526.0467529296875	526.0467529296875
504	508.11767578125	508.11767578125	508.11767578125	508.11767578125
507	493.2403564453125	493.2403564453125	493.2403564453125	493.2403564453125
510	481.414794921875	481.414794921875	481.414794921875	481.414794921875
513	472.259521484375	472.259521484375	472.259521484375	472.259521484375
516	465.7745361328125	465.7745361328125	465.7745361328125	465.7745361328125
519	461.9598388671875	461.9598388671875	461.9598388671875	461.9598388671875
522	460.4339599609375	460.4339599609375	460.4339599609375	460.4339599609375
525	461.1968994140625	461.1968994140625	461.1968994140625	461.1968994140625
528	464.2486572265625	464.2486572265625	464.2486572265625	464.2486572265625
531	469.207763671875	469.207763671875	469.207763671875	469.207763671875
534	476.07421875	476.07421875	476.07421875	476.07421875
537	484.466552734375	484.466552734375	484.466552734375	484.466552734375
540	494.384765625	494.384765625	494.384765625	494.384765625
543	505.4473876953125	505.4473876953125	505.4473876953125	505.4473876953125
546	517.6544189453125	517.6544189453125	517.6544189453125	517.6544189453125
549	531.005859375	531.005859375	531.005859375	531.005859375
552	545.501708984375	545.501708984375	545.501708984375	545.501708984375
555	560.760498046875	560.760498046875	560.760498046875	560.760498046875
558	577.1636962890625	577.1636962890625	577.1636962890625	577.1636962890625
561	594.7113037109375	594.7113037109375	594.7113037109375	594.7113037109375
564	612.640380859375	612.640380859375	612.640380859375	612.640380859375
567	631.7138671875	631.7138671875	631.7138671875	631.7138671875
570	651.55029296875	651.55029296875	651.55029296875	651.55029296875
573	672.149658203125	672.149658203125	672.149658203125	672.149658203125
576	693.511962890625	693.511962890625	693.511962890625	693.511962890625
579	716.0186767578125	716.0186767578125	716.0186767578125	716.0186767578125
582	739.288330078125	739.288330078125	739.288330078125	739.288330078125
585	763.702392578125	763.702392578125	763.702392578125	763.702392578125
588	788.87939453125	788.87939453125	788.87939453125	788.87939453125
591	814.8193359375	814.8193359375	814.8193359375	814.8193359375
594	842.28515625	842.28515625	842.28515625	842.28515625
597	870.1324462890625	870.1324462890625	870.1324462890625	870.1324462890625


Created Data
