0	131.988525390625	131.988525390625	131.988525390625	131.988525390625
3	131.6070556640625	131.6070556640625	131.6070556640625	131.6070556640625
6	131.2255859375	131.2255859375	131.2255859375	131.2255859375
9	130.8441162109375	130.8441162109375	130.8441162109375	130.8441162109375
12	130.462646484375	130.462646484375	130.462646484375	130.462646484375
15	130.462646484375	130.462646484375	130.462646484375	130.462646484375
18	130.0811767578125	130.0811767578125	130.0811767578125	130.0811767578125
21	129.69970703125	129.69970703125	129.69970703125	129.69970703125
24	129.69970703125	129.69970703125	129.69970703125	129.69970703125
27	129.3182373046875	129.3182373046875	129.3182373046875	129.3182373046875
30	129.3182373046875	129.3182373046875	129.3182373046875	129.3182373046875
33	128.936767578125	128.936767578125	128.936767578125	128.936767578125
36	128.936767578125	128.936767578125	128.936767578125	128.936767578125
39	128.936767578125	128.936767578125	128.936767578125	128.936767578125
42	128.936767578125	128.936767578125	128.936767578125	128.936767578125
45	128.5552978515625	128.5552978515625	128.5552978515625	128.5552978515625
48	128.5552978515625	128.5552978515625	128.5552978515625	128.5552978515625
51	128.5552978515625	128.5552978515625	128.5552978515625	128.5552978515625
54	128.5552978515625	128.5552978515625	128.5552978515625	128.5552978515625
57	128.5552978515625	128.5552978515625	128.5552978515625	128.5552978515625
60	128.5552978515625	128.5552978515625	128.5552978515625	128.5552978515625
63	128.5552978515625	128.5552978515625	128.5552978515625	128.5552978515625
66	128.5552978515625	128.5552978515625	128.5552978515625	128.5552978515625
69	128.936767578125	128.936767578125	128.936767578125	128.936767578125
72	128.936767578125	128.936767578125	128.936767578125	128.936767578125
75	128.936767578125	128.936767578125	128.936767578125	128.936767578125
78	128.936767578125	128.936767578125	128.936767578125	128.936767578125
81	129.3182373046875	129.3182373046875	129.3182373046875	129.3182373046875
84	129.3182373046875	129.3182373046875	129.3182373046875	129.3182373046875
87	129.69970703125	129.69970703125	129.69970703125	129.69970703125
90	129.69970703125	129.69970703125	129.69970703125	129.69970703125
93	130.0811767578125	130.0811767578125	130.0811767578125	130.0811767578125
96	130.0811767578125	130.0811767578125	130.0811767578125	130.0811767578125
99	130.462646484375	130.462646484375	130.462646484375	130.462646484375
102	130.462646484375	130.462646484375	130.462646484375	130.462646484375
105	130.8441162109375	130.8441162109375	130.8441162109375	130.8441162109375
108	131.2255859375	131.2255859375	131.2255859375	131.2255859375
111	131.2255859375	131.2255859375	131.2255859375	131.2255859375
114	131.6070556640625	131.6070556640625	131.6070556640625	131.6070556640625
117	131.988525390625	131.988525390625	131.988525390625	131.988525390625
120	132.3699951171875	132.3699951171875	132.3699951171875	132.3699951171875
123	132.75146484375	132.75146484375	132.75146484375	132.75146484375
126	133.1329345703125	133.1329345703125	133.1329345703125	133.1329345703125
129	133.514404296875	133.514404296875	133.514404296875	133.514404296875
132	133.8958740234375	133.8958740234375	133.8958740234375	133.8958740234375
135	134.27734375	134.27734375	134.27734375	134.27734375
138	134.6588134765625	134.6588134765625	134.6588134765625	134.6588134765625
141	135.040283203125	135.040283203125	135.040283203125	135.040283203125
144	135.4217529296875	135.4217529296875	135.4217529296875	135.4217529296875
147	135.80322265625	135.80322265625	135.80322265625	135.80322265625
150	136.1846923828125	136.1846923828125	136.1846923828125	136.1846923828125
153	136.9476318359375	136.9476318359375	136.9476318359375	136.9476318359375
156	137.3291015625	137.3291015625	137.3291015625	137.3291015625
159	137.7105712890625	137.7105712890625	137.7105712890625	137.7105712890625
162	138.4735107421875	138.4735107421875	138.4735107421875	138.4735107421875
165	138.85498046875	138.85498046875	138.85498046875	138.85498046875
168	139.2364501953125	139.2364501953125	139.2364501953125	139.2364501953125
171	139.9993896484375	139.9993896484375	139.9993896484375	139.9993896484375
174	140.380859375	140.380859375	140.380859375	140.380859375
177	141.143798828125	141.143798828125	141.143798828125	141.143798828125
180	141.5252685546875	141.5252685546875	141.5252685546875	141.5252685546875
183	142.2882080078125	142.2882080078125	142.2882080078125	142.2882080078125
186	143.0511474609375	143.0511474609375	143.0511474609375	143.0511474609375
189	143.4326171875	143.4326171875	143.4326171875	143.4326171875
192	144.195556640625	144.195556640625	144.195556640625	144.195556640625
195	144.95849609375	144.95849609375	144.95849609375	144.95849609375
198	145.721435546875	145.721435546875	145.721435546875	145.721435546875
201	146.1029052734375	146.1029052734375	146.1029052734375	146.1029052734375
204	146.8658447265625	146.8658447265625	146.8658447265625	146.8658447265625
207	147.6287841796875	147.6287841796875	147.6287841796875	147.6287841796875
210	148.3917236328125	148.3917236328125	148.3917236328125	148.3917236328125
213	149.1546630859375	149.1546630859375	149.1546630859375	149.1546630859375
216	149.9176025390625	149.9176025390625	149.9176025390625	149.9176025390625
219	150.6805419921875	150.6805419921875	150.6805419921875	150.6805419921875
222	151.4434814453125	151.4434814453125	151.4434814453125	151.4434814453125
225	152.2064208984375	152.2064208984375	152.2064208984375	152.2064208984375
228	152.9693603515625	152.9693603515625	152.9693603515625	152.9693603515625
231	153.7322998046875	153.7322998046875	153.7322998046875	153.7322998046875
234	154.4952392578125	154.4952392578125	154.4952392578125	154.4952392578125
237	155.2581787109375	155.2581787109375	155.2581787109375	155.2581787109375
240	156.0211181640625	156.0211181640625	156.0211181640625	156.0211181640625
243	156.7840576171875	156.7840576171875	156.7840576171875	156.7840576171875
246	157.5469970703125	157.5469970703125	157.5469970703125	157.5469970703125
249	158.3099365234375	158.3099365234375	158.3099365234375	158.3099365234375
252	159.0728759765625	159.0728759765625	159.0728759765625	159.0728759765625
255	159.8358154296875	159.8358154296875	159.8358154296875	159.8358154296875
258	160.980224609375	160.980224609375	160.980224609375	160.980224609375
261	161.7431640625	161.7431640625	161.7431640625	161.7431640625
264	162.506103515625	162.506103515625	162.506103515625	162.506103515625
267	163.26904296875	163.26904296875	163.26904296875	163.26904296875
270	164.4134521484375	164.4134521484375	164.4134521484375	164.4134521484375
273	165.1763916015625	165.1763916015625	165.1763916015625	165.1763916015625
276	165.9393310546875	165.9393310546875	165.9393310546875	165.9393310546875
279	166.7022705078125	166.7022705078125	166.7022705078125	166.7022705078125
282	167.8466796875	167.8466796875	167.8466796875	167.8466796875
285	168.609619140625	168.609619140625	168.609619140625	168.609619140625
288	169.37255859375	169.37255859375	169.37255859375	169.37255859375
291	170.5169677734375	170.5169677734375	170.5169677734375	170.5169677734375
294	171.2799072265625	171.2799072265625	171.2799072265625	171.2799072265625
297	172.0428466796875	172.0428466796875	172.0428466796875	172.0428466796875
300	173.187255859375	173.187255859375	173.187255859375	173.187255859375
303	173.9501953125	173.9501953125	173.9501953125	173.9501953125
306	175.0946044921875	175.0946044921875	175.0946044921875	175.0946044921875
309	175.8575439453125	175.8575439453125	175.8575439453125	175.8575439453125
312	177.001953125	177.001953125	177.001953125	177.001953125
315	177.764892578125	177.764892578125	177.764892578125	177.764892578125
318	178.9093017578125	178.9093017578125	178.9093017578125	178.9093017578125
321	179.6722412109375	179.6722412109375	179.6722412109375	179.6722412109375
324	180.816650390625	180.816650390625	180.816650390625	180.816650390625
327	181.9610595703125	181.9610595703125	181.9610595703125	181.9610595703125
330	182.7239990234375	182.7239990234375	182.7239990234375	182.7239990234375
333	183.868408203125	183.868408203125	183.868408203125	183.868408203125
336	185.394287109375	185.394287109375	185.394287109375	185.394287109375
339	186.5386962890625	186.5386962890625	186.5386962890625	186.5386962890625
342	188.0645751953125	188.0645751953125	188.0645751953125	188.0645751953125
345	189.5904541015625	189.5904541015625	189.5904541015625	189.5904541015625
348	191.497802734375	191.497802734375	191.497802734375	191.497802734375
351	193.4051513671875	193.4051513671875	193.4051513671875	193.4051513671875
354	195.6939697265625	195.6939697265625	195.6939697265625	195.6939697265625
357	198.7457275390625	198.7457275390625	198.7457275390625	198.7457275390625
360	201.7974853515625	201.7974853515625	201.7974853515625	201.7974853515625
363	205.6121826171875	205.6121826171875	205.6121826171875	205.6121826171875
366	210.5712890625	210.5712890625	210.5712890625	210.5712890625
369	215.911865234375	215.911865234375	215.911865234375	215.911865234375
372	222.7783203125	222.7783203125	222.7783203125	222.7783203125
375	230.40771484375	230.40771484375	230.40771484375	230.40771484375
378	239.9444580078125	239.9444580078125	239.9444580078125	239.9444580078125
381	251.007080078125	251.007080078125	251.007080078125	251.007080078125
384	263.97705078125	263.97705078125	263.97705078125	263.97705078125
387	278.8543701171875	278.8543701171875	278.8543701171875	278.8543701171875
390	295.6390380859375	295.6390380859375	295.6390380859375	295.6390380859375
393	315.093994140625	315.093994140625	315.093994140625	315.093994140625
396	337.21923828125	337.21923828125	337.21923828125	337.21923828125
399	361.63330078125	361.63330078125	361.63330078125	361.63330078125
402	388.7176513671875	388.7176513671875	388.7176513671875	388.7176513671875
405	418.0908203125	418.0908203125	418.0908203125	418.0908203125
408	449.7528076171875	449.7528076171875	449.7528076171875	449.7528076171875
411	483.3221435546875	483.3221435546875	483.3221435546875	483.3221435546875
414	518.4173583984375	518.4173583984375	518.4173583984375	518.4173583984375
417	555.0384521484375	555.0384521484375	555.0384521484375	555.0384521484375
420	592.041015625	592.041015625	592.041015625	592.041015625
423	629.0435791015625	629.0435791015625	629.0435791015625	629.0435791015625
426	665.6646728515625	665.6646728515625	665.6646728515625	665.6646728515625
429	700.7598876953125	700.7598876953125	700.7598876953125	700.7598876953125
432	733.94775390625	733.94775390625	733.94775390625	733.94775390625
435	764.46533203125	764.46533203125	764.46533203125	764.46533203125
438	791.168212890625	791.168212890625	791.168212890625	791.168212890625
441	814.056396484375	814.056396484375	814.056396484375	814.056396484375
444	832.366943359375	832.366943359375	832.366943359375	832.366943359375
447	845.7183837890625	845.7183837890625	845.7183837890625	845.7183837890625
450	853.729248046875	853.729248046875	853.729248046875	853.729248046875
453	856.3995361328125	856.3995361328125	856.3995361328125	856.3995361328125
456	853.729248046875	853.729248046875	853.729248046875	853.729248046875
459	846.099853515625	846.099853515625	846.099853515625	846.099853515625
462	833.5113525390625	833.5113525390625	833.5113525390625	833.5113525390625
465	816.7266845703125	816.7266845703125	816.7266845703125	816.7266845703125
468	796.1273193359375	796.1273193359375	796.1273193359375	796.1273193359375
471	772.0947265625	772.0947265625	772.0947265625	772.0947265625
474	746.15478515625	746.15478515625	746.15478515625	746.15478515625
477	718.3074951171875	718.3074951171875	718.3074951171875	718.3074951171875
480	689.3157958984375	689.3157958984375	689.3157958984375	689.3157958984375
483	660.3240966796875	660.3240966796875	660.3240966796875	660.3240966796875
486	631.7138671875	631.7138671875	631.7138671875	631.7138671875
489	603.8665771484375	603.8665771484375	603.8665771484375	603.8665771484375
492	577.9266357421875	577.9266357421875	577.9266357421875	577.9266357421875
495	553.89404296875	553.89404296875	553.89404296875	553.89404296875
498	532.1502685546875	532.1502685546875	532.1502685546875	532.1502685546875
501	512.6953125	512.6953125	512.6953125	512.6953125
504	496.2921142578125	496.2921142578125	496.2921142578125	496.2921142578125
507	482.5592041015625	482.5592041015625	482.5592041015625	482.5592041015625
510	471.8780517578125	471.8780517578125	471.8780517578125	471.8780517578125
513	463.8671875	463.8671875	463.8671875	463.8671875
516	458.526611328125	458.526611328125	458.526611328125	458.526611328125
519	455.8563232421875	455.8563232421875	455.8563232421875	455.8563232421875
522	455.474853515625	455.474853515625	455.474853515625	455.474853515625
525	457.000732421875	457.000732421875	457.000732421875	457.000732421875
528	460.8154296875	460.8154296875	460.8154296875	460.8154296875
531	466.5374755859375	466.5374755859375	466.5374755859375	466.5374755859375
534	473.785400390625	473.785400390625	473.785400390625	473.785400390625
537	482.5592041015625	482.5592041015625	482.5592041015625	482.5592041015625
540	492.85888671875	492.85888671875	492.85888671875	492.85888671875
543	504.302978515625	504.302978515625	504.302978515625	504.302978515625
546	516.8914794921875	516.8914794921875	516.8914794921875	516.8914794921875
549	530.242919921875	530.242919921875	530.242919921875	530.242919921875
552	545.1202392578125	545.1202392578125	545.1202392578125	545.1202392578125
555	560.3790283203125	560.3790283203125	560.3790283203125	560.3790283203125
558	577.1636962890625	577.1636962890625	577.1636962890625	577.1636962890625
561	594.329833984375	594.329833984375	594.329833984375	594.329833984375
564	612.640380859375	612.640380859375	612.640380859375	612.640380859375
567	631.3323974609375	631.3323974609375	631.3323974609375	631.3323974609375
570	651.1688232421875	651.1688232421875	651.1688232421875	651.1688232421875
573	672.149658203125	672.149658203125	672.149658203125	672.149658203125
576	693.511962890625	693.511962890625	693.511962890625	693.511962890625
579	716.0186767578125	716.0186767578125	716.0186767578125	716.0186767578125
582	739.288330078125	739.288330078125	739.288330078125	739.288330078125
585	763.702392578125	763.702392578125	763.702392578125	763.702392578125
588	788.87939453125	788.87939453125	788.87939453125	788.87939453125
591	814.8193359375	814.8193359375	814.8193359375	814.8193359375
594	842.28515625	842.28515625	842.28515625	842.28515625
597	870.1324462890625	870.1324462890625	870.1324462890625	870.1324462890625


Created Data
