0	131.988525390625	131.988525390625	131.988525390625	131.988525390625
3	131.6070556640625	131.6070556640625	131.6070556640625	131.6070556640625
6	131.2255859375	131.2255859375	131.2255859375	131.2255859375
9	130.8441162109375	130.8441162109375	130.8441162109375	130.8441162109375
12	130.462646484375	130.462646484375	130.462646484375	130.462646484375
15	130.462646484375	130.462646484375	130.462646484375	130.462646484375
18	130.0811767578125	130.0811767578125	130.0811767578125	130.0811767578125
21	129.69970703125	129.69970703125	129.69970703125	129.69970703125
24	129.69970703125	129.69970703125	129.69970703125	129.69970703125
27	129.3182373046875	129.3182373046875	129.3182373046875	129.3182373046875
30	129.3182373046875	129.3182373046875	129.3182373046875	129.3182373046875
33	128.936767578125	128.936767578125	128.936767578125	128.936767578125
36	128.936767578125	128.936767578125	128.936767578125	128.936767578125
39	128.936767578125	128.936767578125	128.936767578125	128.936767578125
42	128.936767578125	128.936767578125	128.936767578125	128.936767578125
45	128.5552978515625	128.5552978515625	128.5552978515625	128.5552978515625
48	128.5552978515625	128.5552978515625	128.5552978515625	128.5552978515625
51	128.5552978515625	128.5552978515625	128.5552978515625	128.5552978515625
54	128.5552978515625	128.5552978515625	128.5552978515625	128.5552978515625
57	128.5552978515625	128.5552978515625	128.5552978515625	128.5552978515625
60	128.5552978515625	128.5552978515625	128.5552978515625	128.5552978515625
63	128.5552978515625	128.5552978515625	128.5552978515625	128.5552978515625
66	128.5552978515625	128.5552978515625	128.5552978515625	128.5552978515625
69	128.936767578125	128.936767578125	128.936767578125	128.936767578125
72	128.936767578125	128.936767578125	128.936767578125	128.936767578125
75	128.936767578125	128.936767578125	128.936767578125	128.936767578125
78	128.936767578125	128.936767578125	128.936767578125	128.936767578125
81	129.3182373046875	129.3182373046875	129.3182373046875	129.3182373046875
84	129.3182373046875	129.3182373046875	129.3182373046875	129.3182373046875
87	129.69970703125	129.69970703125	129.69970703125	129.69970703125
90	129.69970703125	129.69970703125	129.69970703125	129.69970703125
93	130.0811767578125	130.0811767578125	130.0811767578125	130.0811767578125
96	130.0811767578125	130.0811767578125	130.0811767578125	130.0811767578125
99	130.462646484375	130.462646484375	130.462646484375	130.462646484375
102	130.462646484375	130.462646484375	130.462646484375	130.462646484375
105	130.8441162109375	130.8441162109375	130.8441162109375	130.8441162109375
108	131.2255859375	131.2255859375	131.2255859375	131.2255859375
111	131.2255859375	131.2255859375	131.2255859375	131.2255859375
114	131.6070556640625	131.6070556640625	131.6070556640625	131.6070556640625
117	131.988525390625	131.988525390625	131.988525390625	131.988525390625
120	132.3699951171875	132.3699951171875	132.3699951171875	132.3699951171875
123	132.75146484375	132.75146484375	132.75146484375	132.75146484375
126	133.1329345703125	133.1329345703125	133.1329345703125	133.1329345703125
129	133.514404296875	133.514404296875	133.514404296875	133.514404296875
132	133.8958740234375	133.8958740234375	133.8958740234375	133.8958740234375
135	134.27734375	134.27734375	134.27734375	134.27734375
138	134.6588134765625	134.6588134765625	134.6588134765625	134.6588134765625
141	135.040283203125	135.040283203125	135.040283203125	135.040283203125
144	135.4217529296875	135.4217529296875	135.4217529296875	135.4217529296875
147	135.80322265625	135.80322265625	135.80322265625	135.80322265625
150	136.1846923828125	136.1846923828125	136.1846923828125	136.1846923828125
153	136.9476318359375	136.9476318359375	136.9476318359375	136.9476318359375
156	137.3291015625	137.3291015625	137.3291015625	137.3291015625
159	137.7105712890625	137.7105712890625	137.7105712890625	137.7105712890625
162	138.4735107421875	138.4735107421875	138.4735107421875	138.4735107421875
165	138.85498046875	138.85498046875	138.85498046875	138.85498046875
168	139.2364501953125	139.2364501953125	139.2364501953125	139.2364501953125
171	139.9993896484375	139.9993896484375	139.9993896484375	139.9993896484375
174	140.380859375	140.380859375	140.380859375	140.380859375
177	141.143798828125	141.143798828125	141.143798828125	141.143798828125
180	141.90673828125	141.90673828125	141.90673828125	141.90673828125
183	142.2882080078125	142.2882080078125	142.2882080078125	142.2882080078125
186	143.0511474609375	143.0511474609375	143.0511474609375	143.0511474609375
189	143.4326171875	143.4326171875	143.4326171875	143.4326171875
192	144.195556640625	144.195556640625	144.195556640625	144.195556640625
195	144.95849609375	144.95849609375	144.95849609375	144.95849609375
198	145.721435546875	145.721435546875	145.721435546875	145.721435546875
201	146.484375	146.484375	146.484375	146.484375
204	147.247314453125	147.247314453125	147.247314453125	147.247314453125
207	148.01025390625	148.01025390625	148.01025390625	148.01025390625
210	148.773193359375	148.773193359375	148.773193359375	148.773193359375
213	149.5361328125	149.5361328125	149.5361328125	149.5361328125
216	150.6805419921875	150.6805419921875	150.6805419921875	150.6805419921875
219	151.4434814453125	151.4434814453125	151.4434814453125	151.4434814453125
222	152.9693603515625	152.9693603515625	152.9693603515625	152.9693603515625
225	154.11376953125	154.11376953125	154.11376953125	154.11376953125
228	155.6396484375	155.6396484375	155.6396484375	155.6396484375
231	157.5469970703125	157.5469970703125	157.5469970703125	157.5469970703125
234	159.8358154296875	159.8358154296875	159.8358154296875	159.8358154296875
237	162.1246337890625	162.1246337890625	162.1246337890625	162.1246337890625
240	165.557861328125	165.557861328125	165.557861328125	165.557861328125
243	169.37255859375	169.37255859375	169.37255859375	169.37255859375
246	173.5687255859375	173.5687255859375	173.5687255859375	173.5687255859375
249	179.290771484375	179.290771484375	179.290771484375	179.290771484375
252	185.7757568359375	185.7757568359375	185.7757568359375	185.7757568359375
255	193.78662109375	193.78662109375	193.78662109375	193.78662109375
258	202.94189453125	202.94189453125	202.94189453125	202.94189453125
261	214.0045166015625	214.0045166015625	214.0045166015625	214.0045166015625
264	226.9744873046875	226.9744873046875	226.9744873046875	226.9744873046875
267	241.851806640625	241.851806640625	241.851806640625	241.851806640625
270	259.3994140625	259.3994140625	259.3994140625	259.3994140625
273	278.8543701171875	278.8543701171875	278.8543701171875	278.8543701171875
276	300.9796142578125	300.9796142578125	300.9796142578125	300.9796142578125
279	325.3936767578125	325.3936767578125	325.3936767578125	325.3936767578125
282	352.0965576171875	352.0965576171875	352.0965576171875	352.0965576171875
285	381.4697265625	381.4697265625	381.4697265625	381.4697265625
288	412.750244140625	412.750244140625	412.750244140625	412.750244140625
291	445.9381103515625	445.9381103515625	445.9381103515625	445.9381103515625
294	480.2703857421875	480.2703857421875	480.2703857421875	480.2703857421875
297	515.7470703125	515.7470703125	515.7470703125	515.7470703125
300	551.605224609375	551.605224609375	551.605224609375	551.605224609375
303	587.0819091796875	587.0819091796875	587.0819091796875	587.0819091796875
306	621.795654296875	621.795654296875	621.795654296875	621.795654296875
309	654.60205078125	654.60205078125	654.60205078125	654.60205078125
312	685.11962890625	685.11962890625	685.11962890625	685.11962890625
315	712.58544921875	712.58544921875	712.58544921875	712.58544921875
318	736.236572265625	736.236572265625	736.236572265625	736.236572265625
321	755.31005859375	755.31005859375	755.31005859375	755.31005859375
324	769.805908203125	769.805908203125	769.805908203125	769.805908203125
327	778.961181640625	778.961181640625	778.961181640625	778.961181640625
330	782.3944091796875	782.3944091796875	782.3944091796875	782.3944091796875
333	780.8685302734375	780.8685302734375	780.8685302734375	780.8685302734375
336	773.62060546875	773.62060546875	773.62060546875	773.62060546875
339	761.0321044921875	761.0321044921875	761.0321044921875	761.0321044921875
342	743.865966796875	743.865966796875	743.865966796875	743.865966796875
345	722.503662109375	722.503662109375	722.503662109375	722.503662109375
348	696.9451904296875	696.9451904296875	696.9451904296875	696.9451904296875
351	668.7164306640625	668.7164306640625	668.7164306640625	668.7164306640625
354	637.8173828125	637.8173828125	637.8173828125	637.8173828125
357	605.010986328125	605.010986328125	605.010986328125	605.010986328125
360	571.8231201171875	571.8231201171875	571.8231201171875	571.8231201171875
363	537.872314453125	537.872314453125	537.872314453125	537.872314453125
366	504.6844482421875	504.6844482421875	504.6844482421875	504.6844482421875
369	472.259521484375	472.259521484375	472.259521484375	472.259521484375
372	441.3604736328125	441.3604736328125	441.3604736328125	441.3604736328125
375	411.9873046875	411.9873046875	411.9873046875	411.9873046875
378	385.284423828125	385.284423828125	385.284423828125	385.284423828125
381	360.4888916015625	360.4888916015625	360.4888916015625	360.4888916015625
384	338.3636474609375	338.3636474609375	338.3636474609375	338.3636474609375
387	318.5272216796875	318.5272216796875	318.5272216796875	318.5272216796875
390	301.361083984375	301.361083984375	301.361083984375	301.361083984375
393	286.865234375	286.865234375	286.865234375	286.865234375
396	274.2767333984375	274.2767333984375	274.2767333984375	274.2767333984375
399	263.97705078125	263.97705078125	263.97705078125	263.97705078125
402	255.2032470703125	255.2032470703125	255.2032470703125	255.2032470703125
405	248.71826171875	248.71826171875	248.71826171875	248.71826171875
408	243.377685546875	243.377685546875	243.377685546875	243.377685546875
411	239.56298828125	239.56298828125	239.56298828125	239.56298828125
414	237.274169921875	237.274169921875	237.274169921875	237.274169921875
417	235.3668212890625	235.3668212890625	235.3668212890625	235.3668212890625
420	234.6038818359375	234.6038818359375	234.6038818359375	234.6038818359375
423	234.6038818359375	234.6038818359375	234.6038818359375	234.6038818359375
426	235.3668212890625	235.3668212890625	235.3668212890625	235.3668212890625
429	236.51123046875	236.51123046875	236.51123046875	236.51123046875
432	238.037109375	238.037109375	238.037109375	238.037109375
435	239.9444580078125	239.9444580078125	239.9444580078125	239.9444580078125
438	242.2332763671875	242.2332763671875	242.2332763671875	242.2332763671875
441	244.903564453125	244.903564453125	244.903564453125	244.903564453125
444	247.955322265625	247.955322265625	247.955322265625	247.955322265625
447	251.007080078125	251.007080078125	251.007080078125	251.007080078125
450	254.4403076171875	254.4403076171875	254.4403076171875	254.4403076171875
453	257.87353515625	257.87353515625	257.87353515625	257.87353515625
456	261.688232421875	261.688232421875	261.688232421875	261.688232421875
459	265.5029296875	265.5029296875	265.5029296875	265.5029296875
462	269.6990966796875	269.6990966796875	269.6990966796875	269.6990966796875
465	273.895263671875	273.895263671875	273.895263671875	273.895263671875
468	278.472900390625	278.472900390625	278.472900390625	278.472900390625
471	283.4320068359375	283.4320068359375	283.4320068359375	283.4320068359375
474	288.39111328125	288.39111328125	288.39111328125	288.39111328125
477	293.731689453125	293.731689453125	293.731689453125	293.731689453125
480	299.072265625	299.072265625	299.072265625	299.072265625
483	305.17578125	305.17578125	305.17578125	305.17578125
486	311.279296875	311.279296875	311.279296875	311.279296875
489	317.3828125	317.3828125	317.3828125	317.3828125
492	324.249267578125	324.249267578125	324.249267578125	324.249267578125
495	331.11572265625	331.11572265625	331.11572265625	331.11572265625
498	338.3636474609375	338.3636474609375	338.3636474609375	338.3636474609375
501	345.9930419921875	345.9930419921875	345.9930419921875	345.9930419921875
504	354.00390625	354.00390625	354.00390625	354.00390625
507	362.396240234375	362.396240234375	362.396240234375	362.396240234375
510	370.78857421875	370.78857421875	370.78857421875	370.78857421875
513	379.94384765625	379.94384765625	379.94384765625	379.94384765625
516	389.4805908203125	389.4805908203125	389.4805908203125	389.4805908203125
519	399.3988037109375	399.3988037109375	399.3988037109375	399.3988037109375
522	409.698486328125	409.698486328125	409.698486328125	409.698486328125
525	420.7611083984375	420.7611083984375	420.7611083984375	420.7611083984375
528	431.82373046875	431.82373046875	431.82373046875	431.82373046875
531	443.6492919921875	443.6492919921875	443.6492919921875	443.6492919921875
534	456.23779296875	456.23779296875	456.23779296875	456.23779296875
537	468.8262939453125	468.8262939453125	468.8262939453125	468.8262939453125
540	482.177734375	482.177734375	482.177734375	482.177734375
543	496.2921142578125	496.2921142578125	496.2921142578125	496.2921142578125
546	510.7879638671875	510.7879638671875	510.7879638671875	510.7879638671875
549	526.0467529296875	526.0467529296875	526.0467529296875	526.0467529296875
552	541.68701171875	541.68701171875	541.68701171875	541.68701171875
555	558.0902099609375	558.0902099609375	558.0902099609375	558.0902099609375
558	575.25634765625	575.25634765625	575.25634765625	575.25634765625
561	593.1854248046875	593.1854248046875	593.1854248046875	593.1854248046875
564	611.4959716796875	611.4959716796875	611.4959716796875	611.4959716796875
567	630.950927734375	630.950927734375	630.950927734375	630.950927734375
570	650.787353515625	650.787353515625	650.787353515625	650.787353515625
573	671.7681884765625	671.7681884765625	671.7681884765625	671.7681884765625
576	693.511962890625	693.511962890625	693.511962890625	693.511962890625
579	716.0186767578125	716.0186767578125	716.0186767578125	716.0186767578125
582	739.288330078125	739.288330078125	739.288330078125	739.288330078125
585	763.702392578125	763.702392578125	763.702392578125	763.702392578125
588	788.87939453125	788.87939453125	788.87939453125	788.87939453125
591	814.8193359375	814.8193359375	814.8193359375	814.8193359375
594	842.28515625	842.28515625	842.28515625	842.28515625
597	870.1324462890625	870.1324462890625	870.1324462890625	870.1324462890625


Created Data
